# Fixed base seeds. One Arena pair expands each seed into normal/mirrored and
# role-swapped games using the engine's 0x9E3779B97F4A7C15 stride.
2026081800
2026081801
2026081802
2026081803
2026081804
2026081805
2026081806
2026081807
2026081808
2026081809
2026081810
2026081811
2026081812
2026081813
2026081814
2026081815
2026081816
2026081817
2026081818
2026081819
2026081820
2026081821
2026081822
2026081823
2026081824
2026081825
2026081826
2026081827
2026081828
2026081829
2026081830
2026081831
2026081832
2026081833
2026081834
2026081835
2026081836
2026081837
2026081838
2026081839
2026081840
2026081841
2026081842
2026081843
2026081844
2026081845
2026081846
2026081847
2026081848
2026081849
